node 11 1108.5226931815253 820.0617694610519 6 10.0 11 0.0 0.0 0.0
node 12 1118.3765294725251 830.2856897747174 7 10.0 12 0.0 0.0 0.0
node 2 1260.7359141438967 505.37975930319953 9 10.0 2 0.0 0.0 0.0
node 13 638.2069051098008 632.9652618626292 5 10.0 13 0.0 0.0 0.0
node 3 1023.1318148746813 256.39936889460444 9 10.0 3 0.0 0.0 0.0
node 14 1352.3639250536187 236.91881650568703 8 10.0 14 0.0 0.0 0.0
node 5 367.8352260586415 267.4689361334938 8 10.0 5 0.0 0.0 0.0
node 6 909.5148710714666 240.50011349765484 6 10.0 6 0.0 0.0 0.0
node 7 1322.4741589125215 606.16784737443 9 10.0 7 0.0 0.0 0.0
node 9 974.9720531318937 859.9116314967016 7 10.0 9 0.0 0.0 0.0
node 10 1020.7721334310787 690.099581407418 6 10.0 10 0.0 0.0 0.0
